Type      data      AOT_index AOT_f          Rnidx_f   Inidx_f        Reff_f       Veff_f     AOT_c           Rnidx_c   Inidx_c         Reff_c      Veff_c     AOT_t(555nm)    SSA(555nm)
Amazonian parameter 1  	  0.0351000 1.47000   0.00100000     0.176000     0.174000   0.00390000      1.47000   0.00100000      6.90500     0.867000  0.0390000    0.98488868      
Amazonian parameter 2	  0.0756000 1.47000   0.00100000     0.176000     0.174000   0.00840000      1.47000   0.00100000      6.90500     0.867000  0.0840000    0.98488864      
Amazonian parameter 3	  0.110700  1.47000   0.00100000     0.176000     0.174000    0.0123000      1.47000   0.00100000      6.90500     0.867000  0.123000     0.98488866      
Amazonian parameter 4	  0.162900  1.47000   0.00100000     0.176000     0.174000    0.0181000      1.47000   0.00100000      6.90500     0.867000  0.181000     0.98488869      
Amazonian parameter 5	  0.311400  1.47000   0.00100000     0.176000     0.174000    0.0346000      1.47000   0.00100000      6.90500     0.867000  0.346000     0.98488869 
Amazonian  uncertainty 1  0.0041324121     0.015486178    0.0033632925    0.0055109160     0.017743024    0.0013665425     0.021971939    0.0014430533       1.2365004      0.18458866   0.0042076922  0.030136891
Amazonian  uncertainty 2  0.0053040115    0.0088906221    0.0020357333    0.0032499514     0.010693327    0.0024499546     0.014446726    0.0010417820       1.1045139      0.17404005   0.0052056482  0.015091584
Amazonian  uncertainty 3  0.0058983222    0.0066184568    0.0014997575    0.0024742054    0.0080595713    0.0030170764     0.011224116   0.00075553408       1.0035920      0.16423894   0.0057857820  0.010517234  
Amazonian  uncertainty 4  0.0066169386    0.0049157615    0.0010951878    0.0018822962    0.0060496586    0.0035672947    0.0085853767   0.00054718399      0.88674436      0.15173690   0.0064967908  0.0073436036
Amazonian uncertainty 5	  0.0081965255    0.0024399753   0.00047418912    0.0011027514    0.0035846597    0.0044024903    0.0051214369   0.00026258945      0.68393045      0.12407663   0.0083332221  0.0038214424 
African parameter 1   0.0351000      1.51000    0.0210000     0.152000     0.174000   0.00390000      1.51000    0.0210000      5.94600     0.704000  0.0390000    0.86043410      
African parameter 2   0.0756000      1.51000    0.0210000     0.152000     0.174000   0.00840000      1.51000    0.0210000      5.94600     0.704000  0.0840000    0.86043407      
African parameter 3   0.110700      1.51000    0.0210000     0.152000     0.174000    0.0123000      1.51000    0.0210000      5.94600     0.704000  0.123000     0.86043408      
African parameter 4   0.162900      1.51000    0.0210000     0.152000     0.174000    0.0181000      1.51000    0.0210000      5.94600     0.704000  0.181000     0.86043410      
African parameter 5   0.311400      1.51000    0.0210000     0.152000     0.174000    0.0346000      1.51000    0.0210000      5.94600     0.704000  0.346000     0.86043410 
African uncertainty 1 0.0044215291     0.019228508    0.0022708034    0.0061315637     0.016370884    0.0017471713     0.055711667    0.0077225254       1.2302980      0.18477289    0.0045099868    0.019271259
African uncertainty 2 0.0054928985     0.010441879    0.0012237815    0.0034530186    0.0092657270    0.0023695821     0.038131472    0.0082231274       1.0840504      0.16210699    0.0059301331    0.012214965
African uncertainty 3 0.0063313520    0.0067706839    0.0016466376    0.0019027395    0.0076528734    0.0031093124     0.029615078    0.0075776775       1.0167713      0.15091915    0.0069903304    0.010305504
African uncertainty 4 0.0072065996    0.0051008835    0.0011932793    0.0014654108    0.0058127349    0.0040026302     0.022526597    0.0067750983      0.95688141      0.13687217    0.0082952398    0.008878563
African uncertainty 5 0.0092316214    0.0038072648   0.00039011934    0.0013613829    0.0035693240    0.0067783455     0.013531811    0.0029645545      0.89944291      0.13716470    0.012195614     0.0078193017
Paris parameter 1   0.0351000      1.40000   0.00900000     0.173000     0.203000   0.00390000      1.40000   0.00900000      5.38500     0.867000 0.0390000    0.91190770      
Paris parameter 2   0.0756000      1.40000   0.00900000     0.173000     0.203000   0.00840000      1.40000   0.00900000      5.38500     0.867000 0.0840000    0.91190766      
Paris parameter 3   0.110700      1.40000   0.00900000     0.173000     0.203000    0.0123000      1.40000   0.00900000      5.38500     0.867000 0.123000     0.91190768      
Paris parameter 4   0.162900      1.40000   0.00900000     0.173000     0.203000    0.0181000      1.40000   0.00900000      5.38500     0.867000 0.181000     0.91190770      
Paris parameter 5   0.311400      1.40000   0.00900000     0.173000     0.203000    0.0346000      1.40000   0.00900000      5.38500     0.867000 0.346000	    0.91190770 
Paris uncertainty 1 0.0049406963     0.013989761    0.0039278990    0.0055087655     0.025943671    0.0017702181     0.020739645    0.0048353568       1.2535456      0.18728185   0.0051664186 0.021733906     
Paris uncertainty 2 0.0067303053    0.0079117539    0.0022714008    0.0033572965     0.016235560    0.0030141563    0.0092291249    0.0028386586       1.1453558      0.17331395   0.0074336916 0.014373271     
Paris uncertainty 3 0.0077145355    0.0060160342    0.0017450255    0.0026211191     0.012385774    0.0037918575    0.0070445421    0.0020794649       1.0385610      0.16039723   0.0088148997 0.011909056    
Paris uncertainty 4 0.0092035652    0.0037915549    0.0011701323    0.0018590700    0.0098874147    0.0049723356    0.0069896688    0.0013973275      0.86203933      0.17658561   0.010604151  0.0097255869    
Paris uncertainty 5  0.011254218    0.0028786713   0.00078422968    0.0013402480    0.0060160442    0.0068842779    0.0041650367   0.00076327804      0.61434613      0.16473252   0.012659463 0.0064706914
Greenbelt parameter 1 0.0351000      1.40000   0.00300000     0.169000     0.155000   0.00390000      1.40000   0.00300000      5.52400     0.755000 0.0390000    0.96093384      
Greenbelt parameter 2 0.0756000      1.40000   0.00300000     0.169000     0.155000   0.00840000      1.40000   0.00300000      5.52400     0.755000 0.0840000   0.96093381      
Greenbelt parameter 3  0.110700      1.40000   0.00300000     0.169000     0.155000    0.0123000      1.40000   0.00300000      5.52400     0.755000 0.123000     0.96093382      
Greenbelt parameter 4   0.162900      1.40000   0.00300000     0.169000     0.155000    0.0181000      1.40000   0.00300000      5.52400     0.755000 0.181000     0.96093385      
Greenbelt parameter 5	 0.311400      1.40000   0.00300000     0.169000     0.155000    0.0346000      1.40000   0.00300000      5.52400     0.755000 0.346000	    0.96093385  
Greenbelt uncertainty 1	 0.0035020546     0.013909207    0.0023179653    0.0040850125     0.018717951    0.0014743499     0.013554692    0.0014659533      0.63394630      0.18602210   0.0037748831  0.020359239    
Greenbelt uncertainty 2  0.0043409914    0.0074184217    0.0012002065    0.0022616758     0.010453428    0.0024806235    0.0067151698   0.00046781472      0.80611188      0.17989929   0.0050017997  0.010947133    
Greenbelt uncertainty 3	 0.0053567978    0.0044487288    0.0011211314    0.0017670696    0.0083604704    0.0030967075    0.0052329590   0.00053294026      0.25712628      0.16470494   0.0060018423  0.0077137390   
Greenbelt uncertainty 4	 0.0057158391    0.0040320572   0.00059701596    0.0013244504    0.0060785737    0.0037848827    0.0037960498   0.00025353285      0.52483258      0.16407590   0.0066299832  0.0059224269   
Greenbelt uncertainty 5	 0.0077463003    0.0025852699   0.00033895127   0.00091634838    0.0040949067    0.0053493170    0.0024323590   0.00016703506      0.37553984      0.13832387   0.0085536851  0.0037125707
Mexico parameter 1 0.0351000      1.47000    0.0140000     0.165000     0.203000   0.00390000      1.47000    0.0140000      4.42900     0.487000  0.0390000    0.89091960      
Mexico parameter 2 0.0756000      1.47000    0.0140000     0.165000     0.203000   0.00840000      1.47000    0.0140000      4.42900     0.487000  0.0840000    0.89091957      
Mexico parameter 3 0.110700      1.47000    0.0140000     0.165000     0.203000    0.0123000      1.47000    0.0140000      4.42900     0.487000  0.123000     0.89091958      
Mexico parameter 4 0.162900      1.47000    0.0140000     0.165000     0.203000    0.0181000      1.47000    0.0140000      4.42900     0.487000  0.181000     0.89091960      
Mexico parameter 5 0.311400      1.47000    0.0140000     0.165000     0.203000    0.0346000      1.47000    0.0140000      4.42900     0.487000  0.346000     0.89091960 
Mexico uncertainty 1 0.0046819185     0.017620261    0.0041678069    0.0058931653     0.021440318    0.0015590921     0.033092386    0.0087530973       1.1291514      0.18170355   0.0048078143    0.021426236  
Mexico uncertainty 2 0.0064954712    0.0086911869    0.0027680155    0.0035487379     0.012821164    0.0025966231     0.018055386    0.0070185267      0.92722354      0.16980636   0.0065917433    0.014254415  
Mexico uncertainty 3 0.0073542840    0.0064982297    0.0020477416    0.0027196234    0.0098561799    0.0031849788     0.013548519    0.0058394037      0.82012500      0.16098972   0.0073794520    0.011459830  
Mexico uncertainty 4 0.0078346244    0.0054930880    0.0013034478    0.0020349814    0.0074977558    0.0037507796     0.010227905    0.0046602434      0.72112638      0.14881702   0.0077354657    0.0089314002 
Mexico uncertainty 5 0.0099588415    0.0033428630   0.00073501657    0.0013006934    0.0049656755    0.0044724963    0.0063758021    0.0030487351      0.59453894      0.12289134   0.0096864787 0.0054812619
Maldives parameter 1 0.0351000      1.44000    0.0110000     0.222000     0.236000   0.00390000      1.44000    0.0110000      4.96200     0.782000  0.0390000    0.90913664      
Maldives parameter 2 0.0756000      1.44000    0.0110000     0.222000     0.236000   0.00840000      1.44000    0.0110000      4.96200     0.782000	0.0840000   0.90913660      
Maldives parameter 3  0.110700      1.44000    0.0110000     0.222000     0.236000    0.0123000      1.44000    0.0110000      4.96200     0.782000	0.123000     0.90913662      
Maldives parameter 4   0.162900      1.44000    0.0110000     0.222000     0.236000    0.0181000      1.44000    0.0110000      4.96200     0.782000	0.181000     0.90913664      
Maldives parameter 5    0.311400      1.44000    0.0110000     0.222000     0.236000    0.0346000      1.44000    0.0110000      4.96200     0.782000	0.346000     0.90913664  
Maldives uncertainty 1 0.0055528871     0.011220830    0.0038978335    0.0076271064     0.032880151    0.0018906332     0.023465839    0.0067585084       1.2399163      0.18788061   0.0058636106    0.019586765  
Maldives uncertainty 2 0.0084732737    0.0069770870    0.0025489444    0.0048526877     0.023336983    0.0033823767     0.011911258    0.0047664423       1.1261473      0.18346880   0.0090505118     0.014875627 
Maldives uncertainty 3 0.0098370819    0.0054276057    0.0020398275    0.0037775672     0.018455822    0.0044169562    0.0085383058    0.0038878278       1.0227524      0.17912199   0.010680209     0.012983221  
Maldives uncertainty  4 0.011273761    0.0041723742    0.0015960604    0.0029094463     0.014304818    0.0055715702    0.0061710462    0.0030717483      0.89033695      0.17324377   0.012425405     0.010929896  
Maldives uncertainty 5 0.013900458    0.0025893574   0.00099049631    0.0018180309    0.0090393494    0.0076456231    0.0036811701    0.0018883594      0.65531950      0.15751830   0.015220334     0.0074535205


